/ OS-8 FOR CPLDP-8 RAM DISK VERSION
/ FIELD 1 RESIDENT PORTION
/ DISK BLOCK 0 047 TO 177

*7647
7607
7607
0000
0000
0000
0000
0000
0000
0000
0000
0000
0000
0000
0000
0000
0000
6202
4207
1000
0000
0007
7746
6203
5677
0400
0000
3340
6214
1275
3336
6201
1674
7010
6211
7630
5321
6202
4207
5010
0000
0027
7402
6202
4207
0610
0000
0013
7402
5020
6202
4207
1010
0000
0027
7402
0000
5700
0000
0000
0000
0000
0000
0000
0000
0000
0000
0000
0000
0000
0000
0000
0000
0000
4060                        / DEVICE CONTROL WORD TABLE
4060
0000
4060
0000
0000
0000
0000
0000
0000
0000
0000
0000
0000
0000
0000
$